2.010965e+001 
5.945935e+001 
5.955328e+001 
3.564107e+001 
-3.816802e+001 
-6.193931e+001 
2.224732e+001 
5.834770e+001 
6.741050e+001 
6.557300e+001 
8.295762e+001 
8.163696e+001 
1.963381e+001 
-3.608537e+001 
1.039431e+001 
3.993236e+001 
8.033143e+001 
8.433499e+001 
7.163928e+001 
9.390578e+001 
7.176067e+001 
5.980332e+001 
4.961965e+001 
2.980287e+001 
5.396874e+001 
6.976077e+001 
6.086352e+001 
4.101182e+001 
-6.004521e+000 
-5.833250e+001 
-1.020463e+002 
-1.491342e+002 
-1.704956e+002 
-2.289375e+002 
-3.431623e+002 
-3.737760e+002 
-3.523072e+002 
-4.002251e+002 
-4.819321e+002 
-5.437593e+002 
-6.240139e+002 
-7.309672e+002 
-7.488664e+002 
-8.139633e+002 
-9.325221e+002 
-9.368316e+002 
-1.000235e+003 
-1.423133e+003 
-1.576964e+003 
3.387970e+002 
3.557500e+003 
5.637357e+003 
5.866541e+003 
4.523151e+003 
1.444167e+003 
-8.874433e+002 
-1.250842e+003 
-1.142366e+003 
-1.062392e+003 
-9.743538e+002 
-9.437486e+002 
-9.411201e+002 
-9.330473e+002 
-9.011324e+002 
-7.559828e+002 
-6.352020e+002 
-5.233736e+002 
-4.070524e+002 
-2.807584e+002 
-1.699687e+002 
-1.491079e+002 
-8.053517e+001 
4.444783e+001 
2.006015e+002 
3.657488e+002 
4.897723e+002 
5.866194e+002 
5.722877e+002 
3.648161e+002 
1.042887e+002 
-7.176234e+000 
-1.144456e+002 
-2.253640e+002 
-1.457608e+002 
-7.948077e+001 
-5.737611e+001 
-8.930677e+001 
-1.321385e+002 
-9.576197e+001 
-8.510155e+001 
-7.910676e+001 
-6.475794e+001 
-4.605558e+001 
-2.701686e+001 
-4.168793e+001 
-5.213484e+001 
-5.842787e+001 
-5.364645e+001 
-1.897147e+000 
-3.028845e+001 
-6.077642e+001 
1.490579e+001 
1.008104e+001 
-6.103983e+001 
-3.840444e+001 
-3.012454e+001 
-7.733773e+001 
-1.301871e+001 
7.100458e+001 
9.092626e+001 
7.391375e+001 
4.009340e+001 
4.754264e+001 
6.028345e+001 
7.428744e+001 
8.547852e+001 
9.972340e+001 
1.058293e+002 
8.954918e+001 
5.558593e+001 
6.060008e+001 
6.221687e+001 
5.604180e+001 
5.367163e+001 
-8.292466e+000 
1.877569e+001 
7.452268e+001 
4.462671e+001 
4.812577e+000 
-3.814376e+001 
-6.840196e+001 
-7.204059e+001 
-9.905043e+001 
-1.413251e+002 
-2.366632e+002 
-3.487721e+002 
-3.542687e+002 
-3.616985e+002 
-3.855333e+002 
-4.781738e+002 
-6.179591e+002 
-6.351822e+002 
-6.311144e+002 
-6.950097e+002 
-7.911163e+002 
-8.576911e+002 
-8.990238e+002 
-9.804455e+002 
-1.313345e+003 
-1.587165e+003 
-3.737496e+001 
3.089402e+003 
5.403382e+003 
5.825721e+003 
4.739518e+003 
1.917756e+003 
-6.616094e+002 
-1.221731e+003 
-1.119945e+003 
-1.050637e+003 
-9.822553e+002 
-9.723117e+002 
-9.903569e+002 
-9.629733e+002 
-8.777686e+002 
-7.413603e+002 
-6.163637e+002 
-4.963717e+002 
-4.239526e+002 
-3.786369e+002 
-2.399047e+002 
-1.311899e+002 
-5.886163e+001 
5.678246e+001 
2.085026e+002 
3.771193e+002 
4.415185e+002 
4.096497e+002 
4.045146e+002 
3.211555e+002 
1.196653e+002 
3.177513e+000 
1.484528e+001 
-4.416489e+001 
-8.967360e+001 
-7.150901e+001 
-4.550400e+001 
-7.849780e+001 
-1.053422e+002 
-5.391236e+001 
-5.011978e+001 
-6.490011e+001 
-9.121182e+001 
-1.300409e+002 
-8.940230e+001 
-9.934314e+001 
-8.691825e+001 
-5.119586e+001 
-9.326125e+001 
-3.622708e+001 
2.778018e+001 
1.586120e+001 
-9.637676e+000 
5.896668e-001 
2.566276e+001 
3.556696e+001 
8.114527e+000 
-1.484360e+001 
6.079727e+001 
2.721557e+001 
-5.242223e+001 
1.202607e+001 
5.564452e+001 
7.047169e+001 
6.450152e+001 
5.268319e+001 
8.590987e+001 
9.301262e+001 
7.377050e+001 
7.391236e+001 
3.312528e+001 
1.407308e+001 
9.238694e+001 
9.867205e+001 
1.005447e+002 
9.163211e+001 
4.858524e+001 
-1.191423e+001 
-8.514566e+001 
-4.932868e+001 
-4.763663e+001 
-9.317781e+001 
-6.397499e+001 
-1.119622e+002 
-2.349828e+002 
-2.707869e+002 
-3.120392e+002 
-3.353253e+002 
-3.681643e+002 
-4.060016e+002 
-4.322225e+002 
-4.941733e+002 
-5.831671e+002 
-7.114989e+002 
-8.434557e+002 
-9.293259e+002 
-9.784209e+002 
-1.044081e+003 
-1.337699e+003 
-1.749722e+003 
-5.466095e+002 
2.504048e+003 
5.099498e+003 
5.813926e+003 
4.990482e+003 
2.422206e+003 
-2.589026e+002 
-1.113927e+003 
-1.144126e+003 
-1.104827e+003 
-1.013412e+003 
-9.763252e+002 
-9.790485e+002 
-9.271054e+002 
-7.750495e+002 
-6.854585e+002 
-6.219052e+002 
-5.699530e+002 
-5.131465e+002 
-3.599998e+002 
-1.829927e+002 
-1.005650e+002 
-4.309857e+001 
6.308735e+001 
1.857215e+002 
3.125898e+002 
4.475378e+002 
5.494597e+002 
5.853007e+002 
4.970577e+002 
3.047724e+002 
4.351722e+001 
-1.256016e+002 
-2.134637e+002 
-2.559430e+002 
-1.959039e+002 
-1.972143e+002 
-2.147406e+002 
-1.323583e+002 
-7.696665e+001 
-4.547751e+001 
-4.482592e+001 
-6.497365e+001 
-9.390127e+001 
-1.256107e+002 
-1.141220e+002 
-2.846811e+001 
2.530491e+001 
4.714587e+001 
1.998251e+001 
-6.527699e+001 
-5.362563e+001 
3.157072e+000 
3.942687e+001 
5.245792e+001 
1.036244e+001 
-1.790564e+001 
2.152066e+001 
-2.339943e+001 
-4.653100e+001 
3.131281e+001 
5.929656e+001 
6.255627e+001 
6.517297e+001 
4.717320e+001 
6.053981e+001 
4.719018e+001 
5.298077e+001 
6.771086e+001 
8.312656e+001 
9.092962e+001 
8.978198e+001 
1.083058e+002 
1.030930e+002 
6.972999e+001 
6.880698e+001 
1.992680e+001 
-2.227526e+001 
3.486993e+001 
1.107042e+001 
-5.090436e+001 
-3.322345e+001 
-1.019935e+002 
-2.022239e+002 
-2.208275e+002 
-2.616265e+002 
-2.763409e+002 
-3.096086e+002 
-3.439841e+002 
-3.469403e+002 
-4.058807e+002 
-5.271479e+002 
-5.890359e+002 
-6.298143e+002 
-6.877317e+002 
-7.460234e+002 
-7.929349e+002 
-8.377337e+002 
-9.197260e+002 
-1.194276e+003 
-1.706815e+003 
-8.668004e+002 
2.087205e+003 
4.919454e+003 
5.928113e+003 
5.346309e+003 
2.935044e+003 
-3.773754e+001 
-1.188147e+003 
-1.295488e+003 
-1.223155e+003 
-1.032582e+003 
-9.472796e+002 
-9.388023e+002 
-8.737399e+002 
-7.957170e+002 
-7.663686e+002 
-6.783234e+002 
-5.631972e+002 
-4.575777e+002 
-3.370165e+002 
-2.340231e+002 
-1.810457e+002 
-9.646875e+001 
-1.562065e+001 
1.192408e+002 
2.619247e+002 
3.213017e+002 
3.743117e+002 
4.089567e+002 
3.402837e+002 
2.153828e+002 
8.438711e+001 
-2.553959e+001 
-5.321730e+001 
-6.645387e+001 
-5.504985e+001 
-6.381223e+001 
-1.105604e+002 
-7.212786e+001 
-2.537388e+001 
-7.182137e+000 
-5.146973e+001 
-8.517822e+001 
-2.927984e+001 
-3.478394e+001 
-6.971464e+001 
-5.911593e+001 
-5.905809e+001 
-7.462536e+001 
-9.091972e+001 
-8.407021e+001 
-1.413839e+001 
1.802165e+001 
2.972188e+001 
4.021750e+001 
-2.340015e+001 
-8.419320e+001 
-2.632479e+001 
1.710800e+001 
4.419095e+001 
5.209225e+001 
6.797622e+001 
8.497257e+001 
6.116270e+001 
3.457857e+001 
2.120656e+001 
3.797817e+001 
6.877343e+001 
5.141848e+001 
-1.312137e+000 
5.631348e+001 
8.897492e+001 
5.931318e+001 
6.394773e+001 
7.448275e+001 
7.953085e+001 
8.571580e+001 
8.767318e+001 
7.907493e+001 
-4.363916e+000 
-8.888348e+001 
-6.366300e+001 
-9.181479e+001 
-1.363603e+002 
-1.412241e+002 
-1.822401e+002 
-2.401478e+002 
-3.196038e+002 
-3.891840e+002 
-3.983790e+002 
-4.246124e+002 
-4.832476e+002 
-5.826025e+002 
-6.859560e+002 
-7.065567e+002 
-7.186563e+002 
-7.955163e+002 
-8.724027e+002 
-9.156202e+002 
-1.090532e+003 
-1.605561e+003 
-1.117156e+003 
1.601157e+003 
4.574654e+003 
5.763510e+003 
5.441874e+003 
3.408771e+003 
3.311521e+002 
-1.070050e+003 
-1.177096e+003 
-1.116355e+003 
-9.802440e+002 
-8.962489e+002 
-9.719114e+002 
-9.698107e+002 
-9.265631e+002 
-8.497932e+002 
-7.441280e+002 
-6.351878e+002 
-5.065728e+002 
-3.668564e+002 
-2.855655e+002 
-2.431737e+002 
-1.431020e+002 
6.929345e+001 
2.817199e+002 
4.029487e+002 
5.308187e+002 
6.192244e+002 
5.091211e+002 
3.095228e+002 
1.074881e+002 
-7.387796e+001 
-1.674410e+002 
-1.630449e+002 
-1.345150e+002 
-1.306714e+002 
-1.423348e+002 
-1.253310e+002 
-9.649836e+001 
-7.169071e+001 
-5.077674e+001 
-3.165180e+001 
-1.824224e+001 
-5.850255e+001 
-1.284059e+002 
-6.694762e+001 
-3.515536e+001 
-3.506141e+001 
-4.708699e+000 
-2.168361e+000 
2.544398e+001 
4.412188e+001 
4.215366e+001 
1.491447e+001 
-3.738446e+001 
-9.567288e+001 
-8.404001e+001 
-5.369828e+001 
4.435078e+001 
8.627442e+001 
9.124484e+001 
7.840591e+001 
1.385841e+001 
-2.534954e+001 
4.378293e+001 
9.520143e+001 
1.077940e+002 
1.243929e+002 
1.027763e+002 
7.267233e+001 
6.876356e+001 
2.568872e+001 
2.105892e+001 
7.747143e+001 
1.015221e+002 
6.181864e+001 
-2.201207e+001 
-1.030605e+001 
7.634762e+000 
-1.144531e+001 
-1.574106e+001 
-5.038198e+001 
-9.041582e+001 
-1.047984e+002 
-1.503891e+002 
-2.449552e+002 
-3.231739e+002 
-3.896336e+002 
-4.868463e+002 
-4.772487e+002 
-4.782247e+002 
-5.221053e+002 
-5.771774e+002 
-6.527066e+002 
-7.899536e+002 
-8.881787e+002 
-8.746533e+002 
-8.966894e+002 
-1.041637e+003 
-1.528910e+003 
-1.282955e+003 
1.134721e+003 
4.179421e+003 
5.690336e+003 
5.591623e+003 
3.852346e+003 
7.484747e+002 
-9.800318e+002 
-1.147387e+003 
-1.124934e+003 
-1.123062e+003 
-1.091222e+003 
-1.042929e+003 
-9.877366e+002 
-8.442270e+002 
-7.690015e+002 
-7.106623e+002 
-5.788067e+002 
-4.770200e+002 
-3.838577e+002 
-2.828371e+002 
-2.084288e+002 
-1.120502e+002 
-1.205958e+001 
1.172545e+002 
2.786625e+002 
4.099893e+002 
4.891211e+002 
5.480109e+002 
5.296633e+002 
3.911286e+002 
1.915021e+002 
-4.089794e+000 
-1.184991e+002 
-2.225614e+002 
-2.810964e+002 
-2.069248e+002 
-1.628750e+002 
-1.417829e+002 
-1.285062e+002 
-1.219162e+002 
-6.491054e+001 
-4.542154e+001 
-6.740477e+001 
-7.684104e+001 
-1.007435e+002 
-1.201448e+002 
-1.908714e+001 
1.035450e+001 
1.607021e+001 
5.894690e+001 
6.304744e+001 
2.265926e+001 
2.106711e+001 
5.638402e+001 
6.457175e+001 
6.244531e+001 
9.382053e+001 
1.167090e+002 
1.162315e+002 
5.549433e+001 
-3.442908e+001 
-4.750744e+001 
-3.476123e+001 
-2.925198e+001 
-2.108730e+001 
-1.543715e+001 
-7.519453e+000 
-1.259291e+001 
-9.955505e+000 
-2.939389e+000 
-3.902376e+000 
1.078097e+001 
6.073758e+001 
8.760394e+001 
6.504359e+001 
5.676300e+001 
5.551010e+001 
5.908375e+001 
4.534179e+001 
1.921383e+001 
-3.230260e+001 
-1.561283e+002 
-2.580801e+002 
-2.858905e+002 
-3.412115e+002 
-3.196029e+002 
-3.315506e+002 
-3.914751e+002 
-4.287394e+002 
-5.156646e+002 
-6.145385e+002 
-6.826334e+002 
-7.312115e+002 
-7.795433e+002 
-8.269211e+002 
-8.686730e+002 
-9.811793e+002 
-1.445868e+003 
-1.492219e+003 
5.722363e+002 
3.739792e+003 
5.674604e+003 
5.711784e+003 
4.145378e+003 
1.158334e+003 
-8.644110e+002 
-1.197071e+003 
-1.156004e+003 
-1.094612e+003 
-1.019347e+003 
-1.016721e+003 
-1.025281e+003 
-8.975975e+002 
-7.782674e+002 
-7.388915e+002 
-6.510523e+002 
-5.393194e+002 
-3.982336e+002 
-2.592929e+002 
-1.589518e+002 
-1.086148e+002 
-2.963188e+001 
7.268613e+001 
1.941070e+002 
3.535843e+002 
4.792147e+002 
5.261050e+002 
4.473122e+002 
3.538649e+002 
1.647365e+002 
-4.016695e+000 
2.179653e+001 
-2.861978e+001 
-5.906417e+001 
-3.335941e+001 
-1.738086e+001 
-2.105153e+001 
-2.635216e+001 
-6.336401e+000 
-3.812018e+001 
-1.908856e+002 
-2.178723e+002 
-1.973895e+002 
-1.877987e+002 
-1.605083e+002 
-1.349574e+002 
8.041815e+001 
1.141655e+002 
1.698420e+002 
1.670509e+002 
1.125807e+002 
9.236547e+001 
-7.660377e+000 
-9.658131e+001 
-2.447136e+001 
-7.439240e+001 
-1.362357e+002 
-1.926972e+002 
-2.683594e+002 
-2.927266e+002 
-3.142394e+002 
-3.672837e+002 
-4.651923e+002 
-5.732420e+002 
-6.286787e+002 
-6.927430e+002 
-7.836685e+002 
-7.656914e+002 
-7.940781e+002 
-8.711247e+002 
-1.020176e+003 
-1.451644e+003 
-1.619982e+003 
1.823211e+002 
3.322617e+003 
5.522116e+003 
5.806982e+003 
4.494317e+003 
1.563111e+003 
-7.516662e+002 
-1.221174e+003 
-1.167737e+003 
-1.096715e+003 
-9.765227e+002 
-9.416435e+002 
-9.446008e+002 
-8.929543e+002 
-9.122942e+002 
-8.042131e+002 
-6.113099e+002 
-4.351777e+002 
-2.763935e+002 
-1.564960e+002 
-1.699849e+002 
-1.943082e+002 
-4.785671e+001 
1.770287e+002 
3.650770e+002 
4.830659e+002 
5.258338e+002 
5.472825e+002 
4.473602e+002 
1.800636e+002 
-7.256404e+001 
-1.374435e+002 
-2.044669e+002 
-2.465024e+002 
-1.504046e+002 
-1.030297e+002 
-1.052311e+002 
-1.528628e+002 
-1.827817e+002 
-1.338660e+002 
-6.202280e+001 
-2.917332e+001 
-2.125271e+001 
-1.422040e+001 
-1.906032e+001 
-2.676547e+001 
-1.634677e+001 
-2.383294e+001 
-2.826297e+001 
1.128652e+001 
-6.173626e+000 
-2.953541e+001 
2.140678e+001 
-9.182572e+000 
-3.521542e+001 
3.187792e-001 
-3.366050e+001 
-5.717310e+001 
-6.116164e+000 
6.463529e+001 
7.019381e+001 
4.066885e+001 
1.115280e+001 
2.071133e+001 
2.838657e+001 
4.119588e+001 
6.014170e+001 
6.220826e+001 
6.535876e+001 
4.953618e+001 
1.466223e+001 
8.638305e+000 
3.335791e+001 
4.071830e+001 
1.619763e+000 
-7.003558e+001 
-2.233982e+001 
2.561126e+001 
1.736064e+000 
-7.032065e+000 
-3.075664e+001 
-4.747793e+001 
-1.620225e+001 
-3.791837e+001 
-5.658480e+001 
-1.161299e+002 
-1.524544e+002 
-1.044405e+002 
-1.179601e+002 
-2.008576e+002 
-1.699490e+002 
-1.140394e+002 
-1.019252e+002 
-1.173962e+002 
-1.182386e+002 
-1.302407e+002 
-1.721906e+002 
-2.188823e+002 
-5.201360e+002 
3.442637e+002 
5.514091e+002 
6.164367e+002 
6.134372e+002 
6.364755e+002 
5.205740e+002 
3.107274e+002 
1.459027e+002 
5.602922e+001 
-3.699915e+001 
-1.403163e+002 
-1.580824e+002 
-7.248916e+001 
-4.775307e+001 
-6.009999e+001 
-5.176254e+001 
-3.898528e+001 
-3.501793e+001 
-4.010511e+001 
-3.848447e+001 
-9.538580e+001 
-1.590206e+002 
-1.575799e+002 
-1.432310e+002 
-1.341179e+002 
-1.143754e+002 
-1.041189e+002 
-1.023392e+002 
-9.586901e+001 
-7.552402e+001 
-7.219939e+001 
-6.283416e+001 
-5.644381e+001 
-5.403520e+001 
-4.746654e+001 
-3.154239e+001 
3.892011e+001 
7.407814e+001 
7.805824e+001 
9.395208e+001 
1.008022e+002 
1.465984e+002 
1.642765e+002 
1.327184e+002 
7.475015e+001 
3.314329e+001 
6.762311e+001 
1.178764e+002 
1.265533e+002 
1.312808e+002 
1.356607e+002 
1.103716e+002 
3.307190e+001 
-4.555688e+001 
-6.479910e+001 
-9.588415e+001 
-1.339873e+002 
-1.022233e+002 
-7.562033e+001 
-1.161128e+002 
-2.105476e+002 
-3.136770e+002 
-3.531622e+002 
-3.775765e+002 
-3.764157e+002 
-4.111145e+002 
-5.010428e+002 
-5.665225e+002 
-6.308443e+002 
-7.172707e+002 
-8.040543e+002 
-8.644589e+002 
-8.677744e+002 
-9.413293e+002 
-1.284499e+003 
-1.681708e+003 
-5.434129e+002 
2.446799e+003 
5.090169e+003 
5.859868e+003 
5.135024e+003 
2.574641e+003 
-3.343117e+002 
-1.194937e+003 
-1.145546e+003 
-1.117520e+003 
-1.026285e+003 
-9.843360e+002 
-9.642060e+002 
-8.844731e+002 
-7.817440e+002 
-7.106317e+002 
-6.467456e+002 
-5.646863e+002 
-4.960360e+002 
-4.253399e+002 
-2.510890e+002 
-1.207240e+002 
-6.262598e+001 
3.388812e+001 
1.265606e+002 
2.842006e+002 
4.126624e+002 
4.348690e+002 
4.698098e+002 
4.065217e+002 
1.740801e+002 
6.060340e+001 
-3.770887e+000 
-9.888380e+001 
-9.556237e+001 
-1.136453e+002 
-9.696822e+001 
-4.336814e+001 
-5.070390e+001 
-3.085093e+001 
-8.072092e+001 
-1.502501e+002 
-1.163934e+002 
-8.013764e+001 
-4.849271e+001 
-7.149436e+001 
-1.101944e+002 
-5.865336e+001 
6.035567e+000 
0 
0 
0 
0 
0 
0 
0 
0 
0 
0 
0 
0 
0 
0 
0 
0 
0 
0 
0 
0 
0 
0 
0 
0 
0 
0 
0 
0 
0 
0 
0 
0 
0 
0 
0 
0 
0 
0 
0 
0 
0 
0 
0 
0 
0 
0 
0 
0 
0 
0 
0 
0 
0 
0 
0 
0 
0 
0 
0 
0 
0 
0 
0 
0 
0 
0 
0 
0 
0 
0 
0 
0 
0 
0 
0 
0 
0 
0 
0 
0 
0 
0 
0 
0 
0 
0 
0 
0 
0 
0 
0 
0 
0 
0 
0 
0 
0 
0 
0 
0 
0 
0 
0 
0 
0 
0 
0 
0 
0 
0 
0 
0 
0 
0 
0 
0 
0 
0 
0 
0 
0 
0 
0 
0 
0 
0 
0 
0 
0 
0 
0 
0 
0 
0 
0 
0 
0 
0 
0 
0 
0 
0 
0 
0 
0 
0 
0 
0 
0 
0 
0 
0 
0 
0 
0 
0 
0 
0 
0 
0 
0 
0 
0 
0 
0 
0 
0 
0 
0 
0 
0 
0 
0 
0 
0 
0 
0 
0 
0 
0 
0 
0 
0 
0 
0 
0 
0 
0 
0 
0 
0 
0 
0 
0 
0 
0 
0 
0 
0 
0 
0 
0 
0 
0 
0 
0 
0 
0 
0 
0 
0 
0 
0 
0 
0 
0 
0 
0 
0 
0 
0 
0 
0 
0 
0 
0 
0 
0 
0 
0 
0 
0 
0 
0 
0 
0 
0 
0 
0 
0 
0 
0 
0 
0 
0 
0 
0 
0 
0 
0 
0 
0 
0 
0 
0 
0 
0 
0 
0 
0 
0 
0 
0 
0 
0 
0 
0 
0 
0 
0 
0 
0 
0 
0 
0 
0 
0 
0 
0 
0 
0 
0 
0 
0 
0 
0 
0 
0 
0 
0 
0 
0 
0 
0 
0 
0 
0 
0 
0 
0 
0 
0 
0 
0 
0 
0 
0 
0 
0 
0 
0 
0 
0 
0 
0 
0 
0 
0 
0 
0 
0 
0 
0 
0 
0 
0 
0 
0 
0 
0 
0 
0 
0 
0 
0 
0 
0 
0 
0 
0 
0 
0 
0 
0 
0 
0 
0 
0 
0 
0 
0 
0 
0 
0 
0 
0 
0 
0 
0 
0 
0 
0 
0 
0 
0 
0 
0 
0 
0 
0 
0 
0 
0 
0 
0 
0 
0 
0 
0 
0 
0 
0 
0 
0 
0 
0 
0 
0 
0 
0 
0 
0 
0 
0 
0 
0 
0 
0 
0 
0 
0 
0 
0 
0 
0 
0 
0 
0 
0 
0 
0 
0 
0 
0 
0 
0 
0 
0 
0 
0 
0 
0 
0 
0 
0 
0 
0 
0 
0 
0 
0 
0 
0 
0 
0 
0 
0 
0 
0 
0 
0 
0 
0 
0 
0 
0 
0 
0 
0 
0 
0 
0 
0 
0 
0 
0 
0 
0 
0 
0 
0 
0 
0 
0 
0 
0 
0 
0 
0 
0 
0 
0 
0 
0 
0 
0 
0 
0 
0 
0 
0 
0 
0 
0 
0 
0 
0 
0 
0 
0 
0 
0 
0 
0 
0 
0 
0 
0 
0 
0 
0 
0 
0 
0 
0 
0 
0 
0 
0 
0 
0 
0 
0 
0 
0 
0 
0 
0 
0 
0 
0 
0 
0 
0 
0 
0 
0 
0 
0 
0 
0 
0 
0 
0 
0 
0 
0 
0 
0 
0 
0 
0 
0 
0 
0 
0 
0 
0 
0 
0 
0 
0 
0 
0 
0 
0 
0 
0 
0 
0 
0 
0 
0 
0 
0 
0 
0 
0 
0 
0 
0 
0 
0 
0 
0 
0 
0 
0 
0 
0 
0 
0 
0 
0 
0 
0 
0 
0 
0 
0 
0 
0 
0 
0 
0 
0 
0 
0 
0 
0 
0 
0 
0 
0 
0 
0 
0 
0 
0 
0 
0 
0 
0 
0 
0 
0 
0 
0 
0 
0 
0 
0 
0 
0 
0 
0 
0 
0 
0 
0 
0 
0 
0 
0 
0 
0 
0 
0 
0 
0 
0 
0 
0 
0 
0 
0 
0 
0 
0 
0 
0 
0 
0 
0 
0 
0 
0 
0 
0 
0 
0 
0 
0 
0 
0 
0 
0 
0 
0 
0 
0 
0 
0 
0 
0 
0 
0 
0 
0 
0 
0 
0 
0 
0 
0 
0 
0 
0 
0 
0 
0 
0 
0 
0 
0 
0 
0 
0 
0 
0 
0 
0 
0 
0 
0 
0 
0 
0 
0 
0 
0 
0 
0 
0 
0 
0 
0 
0 
0 
0 
0 
0 
0 
0 
0 
0 
0 
0 
0 
0 
0 
0 
0 
0 
0 
0 
0 
0 
0 
0 
0 
0 
0 
0 
0 
0 
0 
0 
0 
0 
0 
0 
0 
0 
0 
0 
0 
0 
0 
0 
0 
0 
0 
0 
0 
0 
0 
0 
0 
0 
0 
0 
0 
0 
0 
0 
0 
0 
0 
0 
0 
0 
0 
0 
0 
0 
0 
0 
0 
0 
0 
0 
0 
0 
0 
0 
0 
0 
0 
0 
0 
0 
0 
0 
0 
0 
0 
0 
0 
0 
0 
0 
0 
0 
0 
0 
0 
0 
0 
0 
0 
0 
0 
0 
0 
0 
0 
0 
0 
0 
0 
0 
0 
0 
0 
0 
0 
0 
0 
0 
0 
0 
0 
0 
0 
0 
0 
0 
0 
0 
0 
0 
0 
0 
0 
0 
0 
0 
0 
0 
0 
0 
0 
0 
0 
0 
0 
0 
0 
0 
0 
0 
0 
0 
0 
0 
0 
0 
0 
0 
0 
0 
0 
0 
0 
0 
0 
0 
0 
0 
0 
0 
0 
0 
0 
0 
0 
0 
0 
0 
0 
0 
0 
0 
0 
0 
0 
0 
0 
0 
0 
0 
0 
0 
0 
0 
0 
0 
0 
0 
0 
0 
0 
0 
0 
0 
0 
0 
0 
0 
0 
0 
0 
0 
0 
0 
0 
0 
0 
0 
0 
0 
0 
0 
0 
0 
0 
0 
0 
0 
0 
0 
0 
0 
0 
0 
0 
0 
0 
0 
0 
0 
0 
0 
0 
0 
0 
0 
0 
0 
0 
0 
0 
0 
0 
0 
0 
0 
0 
0 
0 
0 
0 
0 
0 
0 
0 
0 
0 
0 
0 
0 
0 
0 
0 
0 
0 
0 
0 
0 
0 
0 
0 
0 
0 
0 
0 
0 
0 
0 
0 
0 
0 
0 
0 
0 
0 
0 
0 
0 
0 
0 
0 
0 
0 
0 
0 
0 
0 
0 
0 
0 
0 
0 
0 
0 
0 
0 
0 
0 
0 
0 
0 
0 
0 
0 
0 
0 
0 
0 
0 
0 
0 
0 
0 
0 
0 
0 
0 
0 
0 
0 
0 
0 
0 
0 
0 
0 
0 
0 
0 
0 
0 
0 
0 
0 
0 
0 
0 
0 
0 
0 
0 
0 
0 
0 
0 
0 
0 
0 
0 
0 
0 
0 
0 
0 
0 
0 
0 
0 
0 
0 
0 
0 
0 
0 
0 
0 
0 
0 
0 
0 
0 
0 
0 
0 
0 
0 
0 
0 
0 
0 
0 
0 
0 
0 
0 
0 
0 
0 
0 
0 
0 
0 
0 
0 
0 
0 
0 
0 
0 
0 
0 
0 
0 
0 
0 
0 
0 
0 
0 
0 
0 
0 
0 
0 
0 
0 
0 
0 
0 
0 
0 
0 
0 
0 
0 
0 
0 
0 
0 
0 
0 
0 
0 
0 
0 
0 
0 
0 
0 
0 
0 
0 
0 
0 
0 
0 
0 
0 
0 
0 
0 
0 
0 
0 
0 
0 
0 
0 
0 
0 
0 
0 
0 
0 
0 
0 
0 
0 
0 
0 
0 
0 
0 
0 
0 
0 
0 
0 
0 
0 
0 
0 
0 
0 
0 
0 
0 
0 
0 
0 
0 
0 
0 
0 
0 
0 
0 
0 
0 
0 
0 
0 
0 
0 
0 
0 
0 
0 
0 
0 
0 
0 
0 
0 
0 
0 
0 
0 
0 
0 
0 
0 
0 
0 
0 
0 
0 
0 
0 
0 
0 
0 
0 
0 
0 
0 
0 
0 
0 
0 
0 
0 
0 
0 
0 
0 
0 
0 
0 
0 
0 
0 
0 
0 
0 
0 
0 
0 
0 
0 
0 
0 
0 
0 
0 
0 
0 
0 
0 
0 
0 
0 
0 
0 
0 
0 
0 
0 
0 
0 
0 
0 
0 
0 
0 
0 
0 
0 
0 
0 
0 
0 
0 
0 
0 
0 
0 
0 
0 
0 
0 
0 
0 
0 
0 
0 
0 
0 
0 
0 
0 
0 
0 
0 
0 
0 
0 
0 
0 
0 
0 
0 
0 
0 
0 
0 
0 
0 
0 
0 
0 
0 
0 
0 
0 
0 
0 
0 
0 
0 
0 
0 
0 
0 
0 
0 
0 
0 
0 
0 
0 
0 
0 
0 
0 
0 
0 
0 
0 
0 
0 
0 
0 
0 
0 
0 
0 
0 
0 
0 
0 
0 
0 
0 
0 
0 
0 
0 
0 
0 
0 
0 
0 
0 
0 
0 
0 
0 
0 
0 
0 
0 
0 
0 
0 
0 
0 
0 
0 
0 
0 
0 
0 
0 
0 
0 
0 
0 
0 
0 
0 
0 
0 
0 
0 
0 
0 
0 
0 
0 
0 
0 
0 
0 
0 
0 
0 
0 
0 
0 
0 
0 
0 
0 
0 
0 
0 
0 
0 
0 
0 
0 
0 
0 
0 
0 
0 
0 
0 
0 
0 
0 
0 
0 
0 
0 
0 
0 
0 
0 
0 
0 
0 
0 
0 
0 
0 
0 
0 
0 
0 
0 
0 
0 
0 
0 
0 
0 
0 
0 
0 
0 
0 
0 
0 
0 
0 
0 
0 
0 
0 
0 
0 
0 
0 
0 
0 
0 
0 
0 
0 
0 
0 
0 
0 
0 
0 
0 
0 
0 
0 
0 
0 
0 
0 
0 
0 
0 
0 
0 
0 
0 
0 
0 
0 
0 
0 
0 
0 
0 
0 
0 
0 
0 
0 
0 
0 
0 
0 
0 
0 
0 
0 
0 
0 
0 
0 
0 
0 
0 
0 
0 
0 
0 
0 
0 
0 
0 
0 
0 
0 
0 
0 
0 
0 
0 
0 
0 
0 
0 
0 
0 
0 
0 
0 
0 
0 
0 
0 
0 
0 
0 
0 
0 
0 
0 
0 
0 
0 
0 
0 
0 
0 
0 
0 
0 
0 
0 
0 
0 
0 
0 
0 
0 
0 
0 
0 
0 
0 
0 
0 
0 
0 
0 
0 
0 
0 
0 
0 
0 
0 
0 
0 
0 
0 
0 
0 
0 
0 
0 
0 
0 
0 
0 
0 
0 
0 
0 
0 
0 
0 
0 
0 
0 
0 
0 
0 
0 
0 
0 
0 
0 
0 
0 
0 
0 
0 
0 
0 
0 
0 
0 
0 
0 
0 
0 
0 
0 
0 
0 
0 
0 
0 
0 
0 
0 
0 
0 
0 
0 
0 
0 
0 
0 
0 
0 
0 
0 
0 
0 
0 
0 
0 
0 
0 
0 
0 
0 
0 
0 
0 
0 
0 
0 
0 
0 
0 
0 
0 
0 
0 
0 
0 
0 
0 
0 
0 
0 
0 
0 
0 
0 
0 
0 
0 
0 
0 
0 
0 
0 
0 
0 
0 
0 
0 
0 
0 
0 
0 
0 
0 
0 
0 
0 
0 
0 
0 
0 
0 
0 
0 
0 
0 
0 
0 
0 
0 
0 
0 
0 
0 
0 
0 
0 
0 
0 
0 
0 
0 
0 
0 
0 
0 
0 
0 
0 
0 
0 
0 
0 
0 
0 
0 
0 
0 
0 
0 
0 
0 
0 
0 
0 
0 
0 
0 
0 
0 
0 
0 
0 
0 
0 
0 
0 
0 
0 
0 
0 
0 
0 
0 
0 
0 
0 
0 
0 
0 
0 
0 
0 
0 
0 
0 
0 
0 
0 
0 
0 
0 
0 
0 
0 
0 
0 
0 
0 
0 
0 
0 
0 
0 
0 
0 
0 
0 
0 
0 
0 
0 
0 
0 
0 
0 
0 
0 
0 
0 
0 
