-8.126087e+000 
-3.329409e+001 
-3.047785e+001 
-1.466586e+001 
-5.845175e+000 
-4.094788e-003 
-1.813154e+001 
-3.221585e+001 
-3.824775e+001 
-2.221558e+001 
8.889137e+000 
2.107027e+001 
1.433435e+001 
1.068734e+001 
1.213034e+001 
-1.334230e+000 
-3.704832e+000 
4.013515e+000 
5.814673e+000 
2.694712e+000 
3.645947e+000 
-1.341515e+000 
-2.827884e+001 
-4.117841e+001 
-2.005136e+001 
-1.491060e+001 
-2.277178e+001 
-2.864891e+001 
-1.555539e+001 
-1.550627e+001 
-1.151617e+001 
-1.660091e+001 
-1.277139e+001 
-2.038068e+000 
1.059017e+001 
2.103706e+000 
-1.250374e+001 
-2.023690e+001 
-3.710071e+001 
-4.109697e+001 
-1.022475e+001 
-2.483434e+000 
-4.868847e+000 
-1.037596e+001 
-1.899830e+001 
-4.772924e+001 
-2.855750e+001 
-2.474275e+000 
-1.547114e+001 
-2.253307e+001 
-1.764838e+001 
-1.280780e+001 
-1.000156e+001 
-1.021845e+001 
-8.445879e+000 
1.328039e+000 
1.112988e+000 
2.916035e+000 
8.744376e+000 
-4.396037e+000 
-2.649769e+001 
-6.551199e+000 
4.447195e+000 
-9.499982e+000 
1.061378e+001 
1.179095e+001 
-1.396833e+001 
-3.766271e+001 
-2.528928e+001 
-4.846659e+000 
-9.335188e+000 
-1.975366e+001 
-3.210216e+001 
-1.038130e+001 
7.408343e+000 
-7.731350e+000 
-1.679970e+001 
-2.379856e+001 
-5.727961e+000 
-1.588680e+000 
-3.838089e+001 
-1.810112e+001 
8.245091e+000 
1.165598e+001 
6.130621e+000 
2.667175e+000 
-1.738472e+000 
-1.609043e+001 
-2.939308e+001 
-2.365284e+001 
-1.187670e+001 
3.930487e+000 
-2.384627e-001 
-9.390642e+000 
-4.534888e+000 
-1.681142e+000 
-9.840760e+000 
-2.002265e+001 
-3.233999e+000 
-4.860030e-001 
-1.578664e+001 
-1.914235e+001 
-2.356112e+001 
-1.604827e+001 
-4.610380e+000 
-3.252657e+000 
-2.297753e+001 
-2.678597e+001 
-3.067778e+001 
-3.365176e+001 
-2.870800e+001 
-2.884397e+001 
-3.505371e+001 
-9.331400e+000 
1.332774e+001 
-6.835231e-002 
-1.851065e+001 
-1.899200e+001 
-1.504586e+000 
-3.999304e-002 
-2.587847e+000 
-1.014039e+001 
-1.769043e+001 
7.702644e-001 
2.124968e+001 
5.753552e+000 
-1.371292e+001 
-1.814431e+001 
-1.853602e+001 
1.116450e+000 
1.481314e+001 
-2.344946e+001 
-1.666713e+001 
-1.783999e+001 
-2.496736e+001 
-3.005057e+001 
-1.509170e+001 
-9.094153e+000 
-1.706340e+001 
-1.800341e+001 
-1.391643e+001 
-1.804522e+000 
1.032918e+001 
2.481277e+000 
2.649671e+000 
8.311924e-001 
-1.797524e+001 
-2.776919e+001 
-2.855354e+001 
-9.327598e+000 
-3.091383e+000 
-1.084553e+001 
-1.588235e+000 
-1.431993e+001 
-2.203722e+001 
-1.473664e+001 
-1.841821e+001 
-8.048473e-002 
2.756447e-001 
-2.434904e+001 
-7.951806e+000 
-3.535064e+000 
-2.809931e+001 
-2.164378e+001 
-1.316910e+001 
-1.067609e+001 
-1.416693e+001 
-1.645755e+000 
-1.161499e-001 
1.420915e+000 
-4.039395e+000 
-1.049952e+001 
-1.961999e+000 
2.569372e+000 
-6.907780e+000 
-1.639488e+001 
-8.895438e+000 
-3.552731e+001 
-3.971219e+001 
-4.384589e+001 
-3.791975e+001 
-1.792657e+001 
-4.861725e+000 
-4.722788e+000 
2.494184e+000 
1.179214e+001 
2.171309e+000 
2.063352e+001 
3.017709e+001 
1.379844e+001 
4.493809e+000 
-9.743820e+000 
-3.923804e+000 
-6.059023e+000 
-1.015732e+001 
-2.227852e+000 
4.716580e+000 
-4.336209e+000 
-2.440041e+001 
-2.148922e+001 
-2.661755e+001 
-3.079899e+001 
-2.304586e+001 
-2.136938e+001 
-3.477958e+001 
-5.128530e+001 
-3.189216e+001 
-2.160597e+001 
-1.742915e+001 
1.263706e+001 
1.559134e+001 
-2.756424e+001 
-3.182124e+001 
-2.717456e+001 
-4.616330e+000 
8.634294e-001 
-1.722084e+000 
1.163977e+001 
-3.960158e-002 
-3.174378e+001 
-3.345593e+001 
2.837474e+000 
1.314722e+001 
-9.513004e+000 
-2.912951e+001 
-2.869027e+001 
-3.018562e+001 
-1.960860e+001 
-9.544629e-001 
1.278037e+001 
7.598412e+000 
1.750043e+001 
1.448403e+001 
1.546444e+000 
-1.131723e+001 
-2.011266e+001 
-1.684689e+001 
-7.531721e+000 
3.823119e+000 
1.620832e+001 
1.061268e+001 
-2.797586e+001 
-5.356683e+001 
-2.716927e+001 
-8.797193e+000 
-9.459248e+000 
4.838681e+000 
-1.591206e+001 
-2.271568e+001 
-1.657904e+001 
-2.350655e+001 
-4.349929e+001 
-3.555731e+001 
-1.167988e+001 
-1.086618e+001 
-1.011344e+001 
-2.418922e+000 
-1.778018e+000 
-2.418362e+001 
-2.362790e+001 
-4.103132e+000 
6.398732e+000 
-2.117340e+000 
-7.643643e+000 
-7.174443e+000 
-1.170332e+001 
-1.622320e+001 
-1.472675e+001 
6.792458e+000 
-6.630145e-001 
-1.908904e+001 
-1.648222e+001 
-3.838582e+000 
-1.315583e+001 
-1.543209e+001 
3.328533e-001 
-5.861190e+000 
-1.201303e+001 
-1.012024e+001 
7.819517e+000 
-4.194811e+000 
-1.816342e+001 
-1.808438e+001 
-1.595549e+001 
-6.777586e+000 
-3.550173e+000 
-3.227223e+001 
-4.494105e+001 
-3.355506e+001 
-1.111303e+001 
-8.615175e+000 
4.939301e+000 
4.546916e+000 
-2.479523e+001 
-5.085130e+000 
8.672386e+000 
4.473238e+000 
1.531461e+001 
1.861299e-001 
-8.919105e+000 
7.991960e+000 
-2.092737e+000 
-5.184921e+000 
-7.296095e+000 
-1.243727e+001 
-2.161987e+001 
-3.985618e+001 
-1.915605e+001 
-2.053180e+001 
-3.199428e+001 
-4.551268e+000 
8.790363e+000 
9.025886e+000 
-1.884953e+001 
-4.283591e+001 
-4.093137e+001 
-2.013431e+001 
-2.444119e+001 
-2.384155e+001 
-2.321785e+000 
-1.887174e+001 
-3.247771e+001 
-2.712245e+001 
-1.778857e+001 
-2.045964e+001 
-1.711712e+001 
-1.574042e+001 
3.688053e+000 
1.418352e+001 
2.762194e+000 
-1.655862e+001 
-1.476733e+001 
1.514376e+001 
-3.820134e+000 
4.348427e+000 
2.265105e+001 
1.808676e+001 
1.065157e+001 
9.337900e+000 
-2.864927e+000 
-5.967835e+000 
-4.985205e+000 
6.908969e-002 
-1.822393e+000 
-1.968107e+001 
-1.152355e+001 
-4.369172e+000 
-2.523809e+001 
-2.514671e+001 
-1.511364e+001 
-1.915593e+001 
-3.428643e+001 
-4.151696e+001 
-4.885982e+001 
-3.632279e+001 
-3.491241e+001 
-3.363259e+001 
-1.948583e+001 
-1.047071e+001 
-1.458445e+001 
3.177874e+000 
6.822694e+000 
2.360024e+000 
9.802219e+000 
8.156761e+000 
-1.656753e+001 
-3.035773e+001 
-1.520010e+001 
1.915233e+000 
-1.000704e+000 
-1.593488e+001 
-7.877073e+000 
-9.818421e+000 
-1.674738e+001 
-2.065525e+001 
2.465592e+000 
-6.380887e+000 
-1.618865e+001 
-5.951761e+000 
1.633443e+001 
1.672447e+000 
-2.593590e+001 
-2.448885e+001 
-2.298405e+001 
-2.742060e+001 
-1.179618e+001 
7.889617e+000 
5.634898e+000 
-1.356155e+001 
-2.770019e+001 
-2.878149e+001 
-6.805238e+000 
1.225646e+000 
-8.691361e+000 
-8.558654e+000 
-7.380201e+000 
-5.159303e+000 
-7.900024e+000 
-5.608926e+000 
7.088223e-001 
6.047805e+000 
1.640071e+001 
-8.243014e+000 
-1.289075e+001 
-5.550143e+000 
-1.022894e+001 
-1.993677e+001 
-2.568318e+001 
-2.447687e+001 
-3.032560e+001 
-4.223777e+001 
-2.821672e+001 
7.733298e+000 
-3.940134e-001 
-7.598578e+000 
-7.882385e+000 
-1.024893e+001 
-2.469695e+001 
-2.521997e+001 
-2.381200e+001 
-3.246819e+001 
-1.918092e+001 
1.105986e+001 
5.262008e+000 
-5.633149e-001 
-1.340667e+001 
-2.325698e+001 
-3.410318e+001 
-2.793358e+001 
-7.364500e-001 
-2.501073e+000 
-2.521776e+001 
-2.187906e+001 
3.520712e+000 
1.398695e+001 
9.524226e+000 
1.370895e-001 
-8.170636e+000 
-1.539876e+001 
-5.489314e-001 
2.037588e+001 
1.637211e+001 
3.438005e+000 
-1.042946e+001 
-6.235399e+000 
-1.298864e+001 
-1.769603e+001 
-3.036415e+001 
-2.500084e+001 
-1.961443e+001 
-2.421080e+001 
-3.479507e+001 
-4.137276e+001 
-1.194852e+001 
9.470474e+000 
-1.121576e+000 
-1.372679e+001 
-2.734772e+001 
-2.098536e+001 
-2.964039e+001 
-1.131178e+001 
6.999057e+000 
1.129350e+001 
2.357771e+001 
6.852916e+000 
-2.787824e+001 
-2.260938e+001 
-5.335508e+000 
-1.051936e+000 
-1.675543e+001 
-1.844201e+001 
-4.106637e+000 
-3.744414e+000 
-3.350382e+000 
-1.892330e+001 
-4.846120e+001 
-3.896192e+001 
-2.542729e+001 
-1.685920e+001 
-2.590828e-001 
1.937224e+001 
1.103004e+001 
-1.229167e+001 
-4.595562e+000 
-1.886312e+000 
-4.169356e+000 
5.484108e-001 
-6.741738e+000 
-1.704701e+001 
-1.437383e+001 
-7.728990e+000 
-3.119184e+000 
1.345020e+001 
1.997244e+001 
-9.559916e+000 
-2.414966e+001 
-1.980077e+001 
-4.551996e+001 
-6.030990e+001 
-4.617176e+001 
-2.910624e+001 
-3.211380e+001 
-6.192106e+000 
-1.134008e+001 
-2.855208e+001 
-1.582114e+001 
-3.142651e+000 
5.489292e+000 
2.508122e+001 
2.464130e+001 
1.117875e+001 
-5.295411e+000 
-7.734763e-001 
-1.124609e+001 
-3.470148e+001 
-3.712982e+001 
-1.852575e+001 
4.116801e+000 
-1.719749e+001 
-4.546250e+001 
-2.367320e+001 
-8.295212e-001 
-6.931356e+000 
-9.978894e+000 
2.571991e-002 
7.077920e+000 
6.170819e+000 
6.297673e+000 
-5.478550e-001 
3.627037e+000 
8.141090e-001 
-1.099545e+001 
-2.809756e+000 
2.360936e+000 
-4.924879e-001 
-1.237703e+001 
-2.829912e+001 
-3.226447e+001 
-2.627670e+001 
-3.433933e+001 
-5.045303e+001 
-3.461642e+001 
-1.782933e+001 
-1.708861e+001 
-9.387948e+000 
3.278902e+000 
-1.508240e+001 
-2.146241e+001 
-2.485462e+001 
-1.424963e+001 
-7.636989e+000 
-5.005673e+000 
1.165517e+001 
5.353947e+000 
-1.900951e+000 
3.898573e+000 
2.759465e+000 
-1.031119e+001 
-5.307484e+000 
4.773728e+000 
8.932736e+000 
-4.783263e+001 
-3.352107e+001 
-4.138925e+000 
1.530794e+001 
9.812410e+000 
-1.631289e+000 
-1.502980e+001 
-1.638930e+001 
-3.720824e+000 
-7.038300e+000 
-1.234868e+001 
-1.665873e+001 
-1.797778e+001 
-6.314870e+000 
-1.678110e+000 
-2.207415e+001 
-1.550644e+001 
-1.797954e+001 
-1.849588e+001 
-3.505824e+001 
-2.866723e+001 
-1.732437e+001 
-3.502835e+001 
-2.677569e+001 
-2.056512e+001 
-3.239536e+001 
-9.263839e+000 
7.832099e+000 
1.789676e+001 
1.293087e+001 
9.357039e-001 
-1.008595e+001 
-6.132533e+000 
2.179733e+001 
2.270297e+001 
6.584031e+000 
-1.156090e+001 
-1.373213e+001 
-1.593434e+001 
-2.117017e+001 
-1.344032e+001 
-3.774940e+001 
-4.909831e+001 
-3.348882e+001 
-2.992502e+001 
-1.140888e+001 
-3.944213e+000 
-7.532605e+000 
-1.517368e+001 
-3.864314e+000 
-6.604458e+000 
-3.239706e+001 
-2.923698e+001 
-1.611984e+001 
-1.040184e+000 
2.006197e+000 
1.402474e+001 
6.020709e+000 
-1.999824e+001 
-9.022111e+000 
5.954235e+000 
2.936808e+000 
-1.406510e+001 
-2.704421e+001 
-2.999392e+001 
-2.590855e+001 
-1.278321e+001 
-6.113566e-001 
-7.389950e+000 
-1.911529e+001 
-2.178416e+001 
-5.392699e+000 
-7.939591e+000 
-4.424431e+000 
-4.847060e+000 
-1.920716e+001 
2.495945e+000 
2.126258e+001 
5.091593e+000 
1.982135e+000 
-2.070073e+000 
-2.106854e+001 
-1.601492e+001 
-9.910998e+000 
-2.575623e+001 
-2.055324e+001 
-2.305825e+000 
-3.002017e+001 
-3.869807e+001 
-1.734435e+001 
-1.796641e+001 
-1.956697e+001 
1.848532e+000 
1.027454e+001 
-1.292773e+000 
-1.686049e+001 
-8.433615e+000 
-2.017328e+000 
2.138403e+001 
1.576312e+001 
-1.883610e+000 
-8.559994e+000 
-1.927236e+001 
-2.202542e+001 
-2.782163e+001 
-3.666222e+001 
-2.854822e+001 
-1.648094e+001 
-1.246225e+001 
-2.649430e+001 
-3.057559e+001 
4.296177e+000 
1.119429e+000 
-1.510470e+001 
-2.837335e+001 
-2.268281e+001 
-3.030808e+000 
-1.441562e+001 
-2.283378e+001 
-1.128371e+001 
1.237141e+000 
3.730649e+000 
-8.011133e-001 
-8.355240e+000 
-2.928425e+000 
3.480165e+000 
1.986979e+001 
1.924144e+001 
-7.403612e+000 
-3.906521e+001 
-4.774073e+001 
-4.943001e+001 
-3.113358e+001 
4.148996e+000 
-1.258462e+001 
-2.332481e+000 
1.904927e+000 
1.303519e-001 
-1.665560e+001 
-3.445157e+001 
-2.325288e+001 
-1.805639e+001 
7.143243e+000 
2.135142e+001 
-1.342658e+001 
-3.618432e+001 
-2.391536e+001 
-1.161261e+001 
-1.226760e+001 
-8.869675e+000 
-4.411450e+000 
-2.885380e+000 
-2.528248e+001 
-1.759402e+001 
-6.814988e+000 
6.025512e-002 
-9.636632e-001 
-1.880645e+000 
3.137091e-001 
-6.378365e+000 
-1.295566e+001 
-1.642014e+001 
-2.077182e+001 
-2.013679e+000 
1.684814e+001 
1.380538e+001 
1.085125e+001 
-6.021212e+000 
-2.481974e+001 
-4.553429e+000 
-5.234920e+000 
-2.587508e+001 
-1.148371e+001 
9.259426e-001 
-3.660130e+000 
-2.525336e+001 
-3.386291e+001 
-3.949842e+001 
-3.916994e+001 
-1.388759e+001 
-1.663368e+000 
4.936534e-001 
5.779315e-001 
-1.241512e+001 
-1.448690e+001 
-2.364169e+001 
-1.787819e+001 
-2.194833e+000 
-1.359203e+001 
-2.106830e+001 
-7.619708e+000 
-1.240395e+000 
-9.242968e-001 
1.335021e+000 
-2.045503e+001 
-2.928822e+001 
-3.015858e+001 
-2.405703e+001 
-1.997604e+001 
-2.991038e+001 
-2.385187e+001 
6.207018e+000 
5.270256e+000 
-1.165794e+001 
-1.357339e+001 
-1.447310e+001 
1.645536e+000 
7.781351e+000 
1.393593e+001 
3.011030e+001 
9.300393e+000 
2.504069e+000 
-7.282882e+000 
-1.006383e+001 
-2.884337e+001 
-4.562503e+001 
-4.141127e+001 
-1.320576e+001 
-9.017525e+000 
-1.685275e+001 
-1.971444e+001 
-1.660795e+001 
-1.154033e+001 
-2.551399e+001 
-2.253046e+001 
-5.593736e+000 
4.292207e+000 
6.124583e+000 
8.900771e+000 
6.180922e-001 
-2.172281e+001 
-1.511989e+001 
-2.157436e+001 
-3.208534e+001 
-3.465111e+001 
-1.726997e+001 
3.058634e+000 
-5.664835e+000 
-2.343625e+001 
-1.124971e+001 
9.898749e+000 
1.201224e+001 
-1.590540e+001 
-1.084701e+001 
-1.381001e+001 
-1.479097e+001 
-3.785745e+000 
-1.079096e+001 
-3.380137e+001 
-2.881174e+001 
-1.381740e+001 
-8.813624e+000 
1.205649e+000 
-1.375683e+001 
-1.369662e+001 
-1.561001e+001 
-3.249303e+001 
-1.033915e+001 
1.385319e+001 
8.085174e+000 
-5.637639e+000 
-1.031377e+001 
-4.942735e+000 
-1.752597e+001 
-2.806217e+001 
2.449292e+000 
2.400549e+001 
6.054471e-001 
-7.751014e+000 
-1.006803e+001 
-2.234895e+001 
-4.159715e+001 
-1.881575e+001 
-1.301023e+001 
-1.618633e+001 
6.527037e-001 
5.502235e+000 
-2.641744e+000 
-1.478427e+001 
-1.292824e+001 
-8.077526e+000 
-1.123681e+001 
-1.440809e+001 
-2.592488e+000 
-9.793199e+000 
-2.001149e+001 
-4.524641e+001 
-5.349417e+001 
-1.975417e+001 
5.972367e+000 
-2.311292e+000 
-5.598484e+000 
8.116457e+000 
-3.163945e+000 
-5.432536e+000 
-1.068340e+001 
-1.590864e+001 
-1.409965e+001 
-3.024879e+001 
-8.347492e+000 
1.610005e+000 
-8.367210e+000 
-1.527220e+001 
-1.309781e+001 
-5.837645e+000 
5.512401e+000 
9.954923e+000 
-4.510724e+000 
-2.288346e+001 
-5.161558e+000 
-5.350149e+000 
-1.945554e+001 
-3.648484e+001 
-3.044346e+001 
-1.634207e+001 
-2.192729e+000 
2.599380e+001 
4.203271e+000 
-1.257787e+001 
5.636271e+000 
1.482799e+001 
2.980731e+000 
9.080487e+000 
-1.887227e+000 
-1.934640e+000 
-8.072373e+000 
-1.630759e+001 
-4.164885e+001 
-4.410171e+001 
-4.067040e+001 
-4.135631e+001 
-4.415898e+001 
-3.007397e+001 
-2.709776e+001 
-3.522300e+001 
-2.443958e+001 
-5.739065e+000 
-1.711232e+001 
-2.354687e+001 
-1.502729e+001 
-8.539233e+000 
9.308008e-001 
5.397588e+000 
-1.125586e+000 
-5.627274e+000 
2.903561e+000 
2.474354e+000 
1.709519e+001 
1.977306e+001 
5.510855e+000 
1.631398e+001 
-4.816985e+000 
-8.882023e+000 
1.811795e+001 
9.179012e+000 
2.297412e+000 
-1.753215e+001 
-3.831430e+001 
-3.705803e+001 
-3.777300e+001 
-4.946571e+001 
-5.714462e+001 
-2.681780e+001 
-1.349461e+001 
-4.182217e+000 
-6.886353e+000 
-1.610759e+000 
9.639974e+000 
1.485790e+001 
-3.962210e+000 
-1.382151e+001 
-9.722153e+000 
-2.866650e+001 
-4.265407e+001 
-1.968449e+001 
2.241469e+000 
-4.877061e+000 
-1.203891e+001 
7.557016e-001 
5.506731e+000 
-4.785401e+000 
1.088178e+001 
2.508188e+000 
-6.904272e+000 
1.646449e+000 
-1.683946e+001 
-1.535827e+001 
-2.890671e+001 
-3.548275e+001 
-4.108526e+001 
-3.771174e+001 
-8.357150e+000 
-1.201728e+001 
-1.668509e+001 
-1.935467e+001 
-3.802157e+001 
-1.467723e+001 
4.683926e+000 
-5.929210e+000 
-1.250535e+001 
-6.036174e+000 
-1.551413e+001 
-9.314354e-001 
2.071889e+001 
6.443495e+000 
6.249671e+000 
2.214300e+001 
-6.875326e+000 
-1.180167e+001 
-5.634852e+000 
-2.237651e+001 
-2.802990e+001 
-8.599543e+000 
-1.608920e+001 
-5.503249e+000 
1.214965e+001 
8.581582e-001 
-2.138665e+001 
-1.659430e+001 
-2.077739e+001 
-2.994965e+001 
-1.112278e+001 
-9.309516e+000 
-3.521391e+000 
2.288456e-001 
-3.068615e+000 
-6.421647e+000 
-1.283954e+001 
-1.632896e+001 
-2.889203e+001 
-2.853001e+001 
-1.924472e+001 
-3.203546e+001 
-2.989923e+001 
-1.483391e+001 
-1.283235e+001 
1.011465e+001 
8.013752e+000 
-8.126087e+000 
-2.856705e+002 
-2.309647e+002 
-2.515585e+002 
-3.104754e+002 
3.274135e+000 
-1.923625e+002 
1.764268e+001 
1.242715e+002 
1.935402e+002 
1.434612e+002 
-6.495888e+001 
-3.967250e+001 
-2.264952e+001 
5.317621e+001 
9.283160e+001 
-1.465681e+001 
3.978589e+001 
-1.228296e+002 
1.365932e+002 
1.310599e+002 
-2.340294e+001 
2.723104e+001 
1.409655e+002 
1.508321e+002 
1.118359e+002 
-1.640506e+002 
-1.481382e+001 
-2.975222e+002 
-6.512104e+001 
-2.369258e+001 
6.875374e+001 
2.081794e+002 
-1.004507e+002 
-1.721314e+002 
-1.619190e+002 
1.414658e+001 
8.203146e+001 
-1.333244e+002 
3.191305e+002 
1.743269e+002 
2.213069e+002 
5.004953e+001 
-1.554353e+002 
-8.611598e+001 
-2.600019e+002 
-3.030450e+002 
-9.621904e+001 
6.850372e+001 
2.371720e+002 
-4.212921e+000 
-8.857073e+001 
-1.678923e+002 
-1.231392e+002 
1.457455e+002 
1.087661e+002 
1.710056e+002 
1.045670e+001 
1.718237e+001 
8.519542e+001 
-1.104883e+002 
-3.284907e+001 
1.450820e+002 
2.263022e+002 
1.768194e+002 
-2.103920e+002 
3.687431e+000 
-1.570206e+002 
1.325145e+002 
5.320862e+001 
-1.029652e+002 
-7.003610e+001 
-1.600670e+002 
6.592394e+001 
1.028795e+002 
8.774188e+001 
2.284778e+002 
-8.002366e+001 
4.724395e+001 
-2.478106e+002 
-2.391892e+002 
-7.891737e+001 
-8.046696e+000 
2.714249e+002 
1.334407e+002 
-7.801439e+001 
4.908539e+001 
-4.252943e+002 
-7.306810e+001 
-9.327662e+001 
8.717231e+001 
2.113041e+002 
-1.984162e+001 
6.281245e+001 
-1.886994e+002 
4.272246e+001 
2.012600e+001 
9.157740e+001 
1.862197e-001 
-7.096555e+001 
1.352259e+002 
-1.052151e+002 
-2.652146e+002 
-7.704994e+000 
-1.486631e+002 
1.499926e+002 
-1.071290e+001 
2.202742e+002 
9.094825e+001 
2.173022e+002 
1.573220e+002 
-1.020554e+002 
-4.785914e+001 
1.908776e+002 
2.908028e+001 
1.116942e+002 
-1.374073e+002 
3.207253e+002 
1.099573e+002 
-1.347894e+002 
-7.960733e+001 
-5.961477e+001 
1.091033e+002 
1.034538e+002 
-1.286401e+002 
2.677888e+001 
-3.863917e+002 
-1.621546e+002 
-1.685890e+002 
-1.306964e+002 
1.025427e+002 
-1.558887e+002 
-6.895659e+000 
2.455758e+001 
-1.404410e+002 
8.722999e+001 
-2.383869e+002 
7.386961e+001 
-1.129418e+002 
5.934124e+001 
5.883990e+001 
-3.131233e+001 
7.003747e+001 
9.896930e+001 
5.558791e+001 
1.759736e+002 
-1.238098e+002 
2.963226e+002 
1.143687e+002 
2.443676e+002 
8.228252e+001 
-1.992644e+001 
-2.032961e+001 
-1.160564e+002 
-2.022068e+002 
1.790879e+002 
2.016885e+002 
4.994366e+002 
1.031285e+002 
2.496154e+002 
-1.223219e+002 
-3.068540e+002 
-1.291520e+002 
-9.439949e+001 
-8.071227e+001 
-9.422337e+001 
-2.190242e+002 
3.381907e+001 
-2.447467e+002 
-2.037255e+002 
-1.681388e+002 
-1.119621e+002 
1.028544e+002 
-1.166754e+001 
7.760251e+001 
-1.271913e+002 
-2.568686e+002 
-3.213116e+002 
-4.313609e+002 
2.316478e+001 
-2.206221e+002 
7.150296e+001 
-4.337387e+000 
4.501886e+001 
4.527358e+002 
2.628999e+002 
3.206653e+002 
4.190802e+002 
2.082030e+002 
3.830886e+002 
2.377364e+002 
3.951642e+002 
1.463193e+002 
-2.831734e+000 
-8.935045e+001 
-2.193425e+002 
-3.059054e+002 
-2.371927e+002 
-1.013180e+002 
4.559010e+000 
-2.967311e+002 
-6.531272e+001 
-3.193816e+002 
-3.160579e+002 
-2.454824e+002 
1.792210e+002 
2.359599e+002 
1.226452e+002 
1.752630e+002 
2.475460e+001 
-1.458646e+002 
1.642570e+001 
-1.703700e+002 
-4.613183e+001 
-2.377248e+001 
9.184057e+001 
2.588480e+002 
1.973828e+002 
2.386792e+002 
1.929110e+002 
-5.172030e+001 
-3.190160e+002 
-1.208809e+003 
-1.041834e+003 
-1.559171e+002 
2.540512e+002 
4.646548e+000 
-1.449605e+002 
-1.597625e+002 
-3.568733e+001 
9.334980e+001 
-3.957212e+001 
2.066531e+001 
8.215618e+001 
-3.701839e+001 
-5.772869e+000 
1.069498e+002 
2.622182e+002 
4.240718e+002 
4.252857e+001 
-2.335041e+001 
-6.256914e+001 
4.878939e+000 
-3.004219e+001 
-1.423549e+002 
-8.109382e+001 
-7.132221e+001 
1.359186e+002 
1.145410e+002 
9.449048e+001 
1.476907e+002 
1.903767e+001 
7.648526e+001 
2.795042e+001 
-2.063606e+001 
-9.338650e+000 
-8.120484e+001 
-1.026033e+001 
-8.755253e+001 
-1.190897e+002 
-1.078799e+002 
-1.919172e+002 
-1.151681e+002 
-1.666240e+002 
-1.162334e+002 
-2.496061e+001 
-6.976957e+001 
-2.761124e+001 
-3.945441e+001 
2.075736e+001 
3.704810e+001 
8.344771e+001 
1.909782e+002 
2.056326e+002 
1.844111e+002 
9.927403e+001 
1.381871e+002 
2.270991e+002 
4.391975e+001 
-4.153740e-001 
-7.099817e+001 
2.078930e+000 
8.070495e+001 
7.775375e+000 
-5.782299e+000 
-1.060716e+002 
-8.015685e+001 
-1.270915e+002 
-1.879016e+002 
-3.157238e+001 
-1.271239e+002 
-6.949878e+001 
-1.026279e+002 
-1.154088e+002 
-1.017022e+002 
-1.533563e+002 
-7.419112e+001 
-7.004422e+001 
4.272469e+000 
4.294618e+001 
-2.398559e+002 
-1.319362e+002 
-1.151600e+002 
-1.823955e+002 
-1.315332e+002 
1.348947e+001 
1.497117e+002 
1.751162e+002 
2.216498e+002 
3.382053e+002 
4.556299e+002 
6.267393e+002 
5.712852e+002 
5.660192e+002 
5.256606e+002 
3.899140e+002 
2.504865e+002 
7.706261e+001 
-2.564636e+001 
-1.969166e+002 
-3.769914e+002 
-4.450671e+002 
-5.903044e+002 
-5.487828e+002 
-7.065554e+002 
-7.565902e+002 
-6.317912e+002 
-5.589904e+002 
-3.729660e+002 
-3.034692e+002 
-3.141599e+002 
-1.586572e+002 
-1.125518e+002 
1.466166e+002 
1.142719e+002 
1.298835e+002 
1.479127e+002 
7.879609e+001 
1.649479e+002 
1.947161e+002 
2.594268e+002 
3.933354e+002 
3.606276e+002 
6.764447e+002 
9.648237e+002 
1.065744e+003 
9.021060e+002 
5.897449e+002 
5.444404e+002 
3.068817e+002 
1.087340e+002 
-2.841855e+001 
-2.700142e+002 
-3.814913e+002 
-5.383322e+002 
-4.389993e+002 
-4.469602e+002 
-5.476508e+002 
-5.774745e+002 
-5.858120e+002 
-5.139777e+002 
-5.682456e+002 
-5.468181e+002 
-3.078448e+002 
-1.394258e+002 
7.141684e+001 
8.770012e+001 
1.615178e+002 
2.509968e+002 
1.722913e+002 
1.886212e+002 
1.232151e+002 
1.613538e+002 
8.230357e+001 
1.734290e+001 
1.177463e+002 
3.447675e+002 
1.776502e+002 
-2.136776e+001 
1.019284e+002 
8.170479e+001 
4.809308e+001 
8.421114e+001 
-1.248758e+002 
-1.860956e+002 
2.955256e+001 
5.201539e+001 
9.125750e+001 
-2.580991e+001 
-8.525954e+001 
-5.418999e+001 
-1.187282e+002 
-7.096940e+001 
-7.604476e+001 
4.594629e+001 
1.099133e+002 
4.575483e+001 
7.638047e+001 
1.767705e+001 
1.005776e+002 
4.500949e+001 
-1.030795e+002 
2.528703e+001 
-1.893809e+001 
-7.077529e+001 
-9.324390e+001 
-1.053451e+002 
-3.906018e+001 
-1.383912e+002 
-6.031440e+001 
-4.781609e+001 
-9.886496e+001 
-2.842444e+001 
-1.248341e+001 
8.299991e+001 
1.100646e+002 
2.077653e+002 
2.051348e+002 
-7.378789e+001 
-5.491350e+001 
-1.102035e+002 
4.740120e+001 
8.094411e+001 
-1.045285e+002 
-8.893903e+001 
-2.142117e+002 
-1.333088e+002 
-1.551743e+002 
-2.077361e+002 
-6.914979e+000 
-4.264836e+001 
8.615445e+001 
2.255640e+002 
3.936446e+002 
3.344259e+002 
9.894653e+001 
1.782957e+002 
3.750278e+001 
7.461748e+001 
7.165967e+001 
-1.433644e+002 
-3.743676e+001 
-1.065882e+002 
-2.268433e+002 
-8.123611e+001 
-1.078429e+002 
-1.972230e+001 
-1.119795e+002 
-1.477139e+002 
-4.041070e+000 
7.390268e+001 
2.039750e+002 
3.160035e+002 
2.548343e+002 
1.843026e+002 
4.922173e+001 
1.834287e+002 
1.487451e+002 
7.102100e+001 
4.510295e+001 
3.386236e+001 
9.219750e+001 
-1.800013e+002 
-3.787778e+002 
-4.331539e+002 
-4.541234e+002 
-4.946559e+002 
-5.166798e+002 
-1.760789e+002 
-2.176736e+001 
-2.058298e+001 
8.066786e+001 
-5.081104e+001 
1.132437e+002 
5.650871e+002 
-1.410521e+002 
-4.018776e+002 
-2.291312e+002 
-2.155818e+001 
7.724832e-002 
1.710339e+002 
3.425189e+002 
2.887232e+002 
1.368410e+002 
-1.009878e+002 
6.634684e+001 
1.298787e+002 
1.666454e+002 
3.536382e+002 
4.157919e+002 
3.990301e+002 
4.262269e+002 
3.352268e+002 
2.718485e+002 
3.085830e+001 
-4.943957e+000 
-1.048193e+002 
-2.310205e+002 
-2.258067e+002 
-2.734550e+002 
-2.542107e+002 
-3.373219e+002 
-2.180110e+002 
-1.634860e+002 
-2.759418e+002 
-2.525295e+002 
-1.483888e+002 
-8.760371e+001 
-8.923941e+001 
-6.733020e+001 
7.813098e+001 
2.016436e+001 
3.984201e+001 
1.552273e+002 
2.184038e+002 
1.664859e+002 
1.006011e+002 
1.389023e+002 
-7.947739e+001 
-1.633611e+002 
-2.075919e+002 
-3.690349e+002 
-2.065312e+002 
8.601946e+001 
3.257287e+002 
1.337075e+002 
-5.300872e+001 
7.864408e+001 
2.169303e+001 
2.316596e+001 
7.062168e+000 
-1.261707e+001 
2.491226e+002 
1.662031e+002 
1.045707e+002 
7.815322e+001 
7.688971e+001 
1.117229e+002 
-9.441885e+001 
-1.557810e+001 
2.016869e+001 
-5.724367e+001 
-5.584823e+001 
-2.196976e+002 
-8.380505e+001 
-1.272129e+002 
-1.309272e+002 
-2.294650e+001 
-7.827912e+001 
-5.290093e+001 
-3.179520e+001 
-1.559326e+002 
-7.827329e+001 
-9.378935e+001 
-5.542113e+001 
-5.813660e+001 
7.511687e+001 
1.143817e+002 
1.137008e+002 
2.001156e+002 
2.166441e+002 
2.213353e+002 
1.582132e+002 
8.530352e+001 
4.263470e+001 
-1.077755e+002 
1.508826e+001 
-7.791891e+000 
-1.064074e+002 
-4.476731e+001 
-6.189798e+001 
3.319288e+001 
-6.553326e+001 
-6.807900e+001 
-3.844761e+001 
-1.676649e+002 
6.325200e+001 
7.249592e+000 
-1.486767e+002 
-1.155380e+002 
1.464605e+001 
1.228610e+002 
-3.089826e+001 
-5.161618e+001 
3.170989e+001 
-1.493088e+001 
1.354740e+002 
2.269023e+002 
1.693488e+002 
4.380236e+001 
-7.374408e+001 
-3.298238e+000 
-4.889647e+001 
-2.354986e+001 
4.770252e+001 
-2.517815e+001 
1.776711e+001 
-1.853038e+001 
-5.712118e+001 
-8.907477e+001 
-4.646229e+001 
-4.435430e+001 
-1.608338e+002 
2.705791e+001 
5.224331e+001 
1.166739e+002 
1.463048e+002 
9.810466e+001 
6.806903e+001 
-1.618064e+002 
-9.347776e+001 
-8.991700e+001 
-1.220784e+002 
-1.218819e+002 
-7.023491e+001 
-1.200259e+002 
-1.931303e+002 
-1.173939e+002 
-5.965446e+001 
-8.575539e+001 
-3.513932e+000 
3.124075e+001 
4.968340e+001 
1.279841e+002 
-3.471433e+001 
-7.251916e+000 
9.492496e+000 
2.164927e+001 
3.731558e+001 
1.053868e+001 
5.736792e+001 
2.748324e+002 
1.649046e+002 
3.655667e+002 
3.957363e+002 
4.413307e+002 
1.982220e+002 
1.082901e+002 
1.163825e+002 
-3.369018e+001 
-1.241037e+002 
-2.030695e+002 
-9.777908e+001 
-3.144913e+001 
-5.428008e+001 
-3.944764e+001 
-1.571340e+002 
-1.455099e+002 
-1.537416e+002 
-2.449628e+002 
-2.032756e+002 
-2.307718e+002 
-9.749940e+001 
-6.851537e+001 
-9.482432e+001 
-4.241136e+001 
-1.312464e+002 
-7.253694e+000 
5.061616e+001 
1.194430e+002 
1.303161e+002 
-8.866244e+001 
-3.636162e+001 
-5.268688e+001 
5.477140e+000 
1.224502e+001 
-5.328910e+001 
1.409788e+002 
1.361221e+002 
1.562269e+002 
2.013514e+002 
1.095311e+002 
1.808113e+002 
4.619230e+001 
-4.030373e+001 
-1.169404e+001 
-1.399886e+001 
8.277299e+001 
-1.014311e+002 
-1.196357e+002 
-1.128760e+002 
-2.301922e+002 
-6.658794e+001 
-4.811875e+001 
-5.778113e+001 
-1.358526e+001 
-7.354535e+001 
-3.267160e+001 
-6.697001e+001 
1.305871e+002 
4.100214e+001 
3.432448e+001 
-2.841261e+001 
-4.215952e+001 
8.814913e+001 
2.405445e+002 
1.506791e+001 
-1.282226e+002 
-9.927230e+001 
-5.503353e+001 
-6.248361e+001 
6.241949e+001 
4.569810e+001 
3.387985e+000 
1.951925e+001 
6.109368e+001 
2.331400e+002 
9.663490e+001 
-1.340213e+001 
1.050176e+002 
3.485489e+001 
5.510944e+001 
-6.926417e+001 
-1.272789e+002 
-4.694556e+001 
-1.273133e+002 
-6.038908e+001 
-4.821748e+001 
3.619418e+001 
8.481310e+001 
-3.537724e+001 
1.962827e+001 
-6.920301e+001 
1.126414e+000 
-3.340498e+001 
-4.280691e+001 
1.249297e+002 
-3.222595e+001 
-1.102468e+002 
2.185848e+001 
2.081732e+000 
6.842620e+001 
-4.116413e+000 
1.594830e+002 
1.702114e+002 
7.605560e+001 
2.028216e+000 
-1.068891e+002 
-1.576998e+002 
-1.414116e+002 
6.978491e+000 
6.543302e+001 
1.937283e+000 
1.694879e+002 
-3.996168e+001 
-1.040910e+001 
-1.686962e+001 
7.612393e+000 
1.100071e+002 
-7.673572e+001 
-1.406308e+002 
-1.137105e+002 
-1.290035e+002 
-5.530803e+000 
-1.033451e+002 
1.705578e+002 
1.401465e+002 
2.554150e+002 
8.934203e+001 
-1.530892e+002 
-2.984964e+001 
-7.097835e+001 
-6.245292e+001 
1.487521e+002 
-1.163816e+002 
2.720605e+001 
-9.847904e+001 
-8.538825e+001 
-1.804812e+002 
-6.971112e+001 
6.997014e+001 
4.157857e+001 
-4.483222e+001 
1.677947e+001 
-2.254689e+001 
7.123068e+001 
-1.228668e+002 
7.238762e+000 
-1.244479e+001 
5.110339e+001 
-3.009329e+001 
7.597496e+001 
1.943103e+002 
1.968833e+002 
1.169111e+001 
1.577368e+002 
3.596512e+001 
1.359884e+000 
4.686027e+001 
3.541285e+001 
-1.410224e+002 
-1.014830e+002 
2.097585e+001 
-4.972377e+001 
-8.262219e+001 
6.623038e+001 
-8.236551e+000 
9.195596e+001 
-7.225067e+001 
-7.186092e+001 
-7.091294e+001 
-9.444734e+001 
-4.044813e+001 
-2.059379e+002 
-5.887957e+001 
9.173173e+001 
-1.200803e+002 
9.975865e+001 
-3.073952e+001 
1.164964e+002 
-2.035036e+002 
-1.146336e+002 
1.191543e+002 
-5.510439e+001 
-7.300344e+000 
7.659931e+001 
6.465380e+001 
2.459311e+002 
1.124652e+002 
2.313188e+002 
-9.490136e+000 
-1.090886e+001 
-9.392483e+001 
-1.155383e+002 
-1.877468e+002 
-2.155637e+002 
2.801362e+001 
1.329574e+002 
9.824360e+001 
2.218524e+002 
1.057387e+002 
1.398670e+002 
-9.080654e+001 
-6.628244e+001 
2.039003e+001 
-3.084575e+001 
1.220103e+002 
-1.060997e+002 
-1.241887e+002 
6.272969e+001 
-3.137722e+001 
-2.749993e+001 
-1.666637e+002 
-2.168465e+002 
-2.304989e+001 
-1.522958e+002 
5.645784e+001 
-1.580305e+001 
1.309574e+002 
2.137279e+002 
-7.049369e+001 
2.293481e+002 
2.521181e+001 
4.513487e+001 
5.410388e+001 
-1.288865e+002 
5.618076e+001 
-2.067473e+002 
-8.164175e+001 
9.147190e+001 
2.055749e+002 
1.126213e+002 
-9.940904e+001 
4.949801e+001 
-7.670396e+001 
-1.740186e+002 
2.548709e+000 
6.984224e+000 
1.342939e+002 
6.644399e+001 
1.943563e+001 
9.627092e+001 
-7.804899e+001 
-1.034954e+002 
-2.500725e+002 
-2.247528e+002 
5.248504e+001 
-4.632577e+001 
1.870376e+000 
-2.190255e+001 
-1.006095e+002 
-7.421544e+001 
1.513092e+002 
6.396595e+001 
1.379430e+001 
1.908314e+002 
1.320660e+002 
2.853130e+001 
5.423428e+001 
8.166978e+000 
2.753284e+002 
2.466738e+001 
1.181772e+002 
1.981459e+001 
-1.244600e+002 
-1.016692e+002 
-1.078750e+002 
-8.211946e+001 
-1.284486e+002 
-1.628766e+002 
1.015627e+002 
-5.820546e+001 
6.683038e+001 
1.486418e+002 
6.320821e+001 
-7.461818e+000 
-6.736165e+001 
-7.044460e+001 
5.831412e+001 
-7.205233e+001 
-1.104717e+002 
-2.458804e+002 
-1.732132e+002 
-7.039402e+001 
-9.345935e+000 
-9.986606e+000 
2.517741e+002 
1.879946e+002 
4.477042e+001 
-1.528309e+002 
4.253057e+000 
7.703290e+001 
2.005402e+002 
1.977526e+001 
3.974430e+001 
-1.961123e+001 
1.486724e+002 
1.815384e+002 
1.949468e+002 
7.579354e+001 
1.139971e+002 
-3.758600e+001 
-1.805098e+001 
-3.551466e+001 
7.884796e+000 
-1.459887e+002 
-4.323795e+001 
1.520105e+002 
1.976496e+002 
-4.243601e+001 
-6.930935e+001 
-2.470550e+002 
-4.772124e+001 
-1.303674e+002 
-1.580174e+002 
-2.147052e+002 
-4.004427e+002 
-2.722082e+002 
1.103215e+001 
-1.037296e+002 
-7.442673e+001 
-1.080078e+002 
1.295930e+002 
1.142934e+001 
4.158973e+001 
1.541601e+002 
3.161966e+002 
3.857784e+002 
2.489811e+002 
1.298959e+002 
4.858074e+001 
-1.669196e+002 
5.646837e+001 
-1.622201e+002 
-5.789531e+001 
4.875294e-001 
-1.790375e+002 
7.361643e+001 
1.545390e+001 
3.853639e+001 
-1.451188e+002 
-1.904621e+002 
2.255507e+001 
1.296868e+001 
-2.171967e+002 
-2.838952e+002 
-3.131193e+002 
3.122026e+002 
1.170350e+002 
3.204581e+002 
7.746056e+001 
2.360944e+002 
2.103511e+002 
3.521884e+001 
2.170071e+001 
-1.022173e+002 
-1.325439e+002 
1.187136e+002 
-9.050164e+001 
1.058324e+002 
-1.113792e+002 
9.484285e+001 
1.544038e+002 
2.202495e+002 
1.503117e+002 
3.951425e+001 
-1.021460e+001 
2.000624e+002 
-1.577331e+002 
-7.360749e+001 
-2.856705e+002 
0 
0 
0 
0 
0 
0 
0 
0 
0 
0 
0 
0 
0 
0 
0 
0 
0 
0 
0 
0 
0 
0 
0 
0 
0 
0 
0 
0 
0 
0 
0 
0 
0 
0 
0 
0 
0 
0 
0 
0 
0 
0 
0 
0 
0 
0 
0 
0 
0 
0 
0 
0 
0 
0 
0 
0 
0 
0 
0 
0 
0 
0 
0 
0 
0 
0 
0 
0 
0 
0 
0 
0 
0 
0 
0 
0 
0 
0 
0 
0 
0 
0 
0 
0 
0 
0 
0 
0 
0 
0 
0 
0 
0 
0 
0 
0 
0 
0 
0 
0 
0 
0 
0 
0 
0 
0 
0 
0 
0 
0 
0 
0 
0 
0 
0 
0 
0 
0 
0 
0 
0 
0 
0 
0 
0 
0 
0 
0 
0 
0 
0 
0 
0 
0 
0 
0 
0 
0 
0 
0 
0 
0 
0 
0 
0 
0 
0 
0 
0 
0 
0 
0 
0 
0 
0 
0 
0 
0 
0 
0 
0 
0 
0 
0 
0 
0 
0 
0 
0 
0 
0 
0 
0 
0 
0 
0 
0 
0 
0 
0 
0 
0 
0 
0 
0 
0 
0 
0 
0 
0 
0 
0 
0 
0 
0 
0 
0 
0 
0 
0 
0 
0 
0 
0 
0 
0 
0 
0 
0 
0 
0 
0 
0 
0 
0 
0 
0 
0 
0 
0 
0 
0 
0 
0 
0 
0 
0 
0 
0 
0 
0 
0 
0 
0 
0 
0 
0 
0 
0 
0 
0 
0 
0 
0 
0 
0 
0 
0 
0 
0 
0 
0 
0 
0 
0 
0 
0 
0 
0 
0 
0 
0 
0 
0 
0 
0 
0 
0 
0 
0 
0 
0 
0 
0 
0 
0 
0 
0 
0 
0 
0 
0 
0 
0 
0 
0 
0 
0 
0 
0 
0 
0 
0 
0 
0 
0 
0 
0 
0 
0 
0 
0 
0 
0 
0 
0 
0 
0 
0 
0 
0 
0 
0 
0 
0 
0 
0 
0 
0 
0 
0 
0 
0 
0 
0 
0 
0 
0 
0 
0 
0 
0 
0 
0 
0 
0 
0 
0 
0 
0 
0 
0 
0 
0 
0 
0 
0 
0 
0 
0 
0 
0 
0 
0 
0 
0 
0 
0 
0 
0 
0 
0 
0 
0 
0 
0 
0 
0 
0 
0 
0 
0 
0 
0 
0 
0 
0 
0 
0 
0 
0 
0 
0 
0 
0 
0 
0 
0 
0 
0 
0 
0 
0 
0 
0 
0 
0 
0 
0 
0 
0 
0 
0 
0 
0 
0 
0 
0 
0 
0 
0 
0 
0 
0 
0 
0 
0 
0 
0 
0 
0 
0 
0 
0 
0 
0 
0 
0 
0 
0 
0 
0 
0 
0 
0 
0 
0 
0 
0 
0 
0 
0 
0 
0 
0 
0 
0 
0 
0 
0 
0 
0 
0 
0 
0 
0 
0 
0 
0 
0 
0 
0 
0 
0 
0 
0 
0 
0 
0 
0 
0 
0 
0 
0 
0 
0 
0 
0 
0 
0 
0 
0 
0 
0 
0 
0 
0 
0 
0 
0 
0 
0 
0 
0 
0 
0 
0 
0 
0 
0 
0 
0 
0 
0 
0 
0 
0 
0 
0 
0 
0 
0 
0 
0 
0 
0 
0 
0 
0 
0 
0 
0 
0 
0 
0 
0 
0 
0 
0 
0 
0 
0 
0 
0 
0 
0 
0 
0 
0 
0 
0 
0 
0 
0 
0 
0 
0 
0 
0 
0 
0 
0 
0 
0 
0 
0 
0 
0 
0 
0 
0 
0 
0 
0 
0 
0 
0 
0 
0 
0 
0 
0 
0 
0 
0 
0 
0 
0 
0 
0 
0 
0 
0 
0 
0 
0 
0 
0 
0 
0 
0 
0 
0 
0 
0 
0 
0 
0 
0 
0 
0 
0 
0 
0 
0 
0 
0 
0 
0 
0 
0 
0 
0 
0 
0 
0 
0 
0 
0 
0 
0 
0 
0 
0 
0 
0 
0 
0 
0 
0 
0 
0 
0 
0 
0 
0 
0 
0 
0 
0 
0 
0 
0 
0 
0 
0 
0 
0 
0 
0 
0 
0 
0 
0 
0 
0 
0 
0 
0 
0 
0 
0 
0 
0 
0 
0 
0 
0 
0 
0 
0 
0 
0 
0 
0 
0 
0 
0 
0 
0 
0 
0 
0 
0 
0 
0 
0 
0 
0 
0 
0 
0 
0 
0 
0 
0 
0 
0 
0 
0 
0 
0 
0 
0 
0 
0 
0 
0 
0 
0 
0 
0 
0 
0 
0 
0 
0 
0 
0 
0 
0 
0 
0 
0 
0 
0 
0 
0 
0 
0 
0 
0 
0 
0 
0 
0 
0 
0 
0 
0 
0 
0 
0 
0 
0 
0 
0 
0 
0 
0 
0 
0 
0 
0 
0 
0 
0 
0 
0 
0 
0 
0 
0 
0 
0 
0 
0 
0 
0 
0 
0 
0 
0 
0 
0 
0 
0 
0 
0 
0 
0 
0 
0 
0 
0 
0 
0 
0 
0 
0 
0 
0 
0 
0 
0 
0 
0 
0 
0 
0 
0 
0 
0 
0 
0 
0 
0 
0 
0 
0 
0 
0 
0 
0 
0 
0 
0 
0 
0 
0 
0 
0 
0 
0 
0 
0 
0 
0 
0 
0 
0 
0 
0 
0 
0 
0 
0 
0 
0 
0 
0 
0 
0 
0 
0 
0 
0 
0 
0 
0 
0 
0 
0 
0 
0 
0 
0 
0 
0 
0 
0 
0 
0 
0 
0 
0 
0 
0 
0 
0 
0 
0 
0 
0 
0 
0 
0 
0 
0 
0 
0 
0 
0 
0 
0 
0 
0 
0 
0 
0 
0 
0 
0 
0 
0 
0 
0 
0 
0 
0 
0 
0 
0 
0 
0 
0 
0 
0 
0 
0 
0 
0 
0 
0 
0 
0 
0 
0 
0 
0 
0 
0 
0 
0 
0 
0 
0 
0 
0 
0 
0 
0 
0 
0 
0 
0 
0 
0 
0 
0 
0 
0 
0 
0 
0 
0 
0 
0 
0 
0 
0 
0 
0 
0 
0 
0 
0 
0 
0 
0 
0 
0 
0 
0 
0 
0 
0 
0 
0 
0 
0 
0 
0 
0 
0 
0 
0 
0 
0 
0 
0 
0 
0 
0 
0 
0 
0 
0 
0 
0 
0 
0 
0 
0 
0 
0 
0 
0 
0 
0 
